231
2
0.0625
0.125
0.125
0.125
0.125
0.125
0.125
0.125
0.125
0.125
0.125
0.125
0.125
0.125
0.125
0.125
0.125
0.125
0.125
0.125
0.0625
0.125
0.25
0.25
0.25
0.25
0.25
0.25
0.25
0.25
0.25
0.25
0.25
0.25
0.25
0.25
0.25
0.25
0.25
0.25
0.25
0.125
0.125
0.25
0.25
0.25
0.25
0.25
0.25
0.25
0.25
0.25
0.25
0.25
0.25
0.25
0.25
0.25
0.25
0.25
0.25
0.25
0.125
0.125
0.25
0.25
0.25
0.25
0.25
0.25
0.25
0.25
0.25
0.25
0.25
0.25
0.25
0.25
0.25
0.25
0.25
0.25
0.25
0.125
0.125
0.25
0.25
0.25
0.25
0.25
0.25
0.25
0.25
0.25
0.25
0.25
0.25
0.25
0.25
0.25
0.25
0.25
0.25
0.25
0.125
0.125
0.25
0.25
0.25
0.25
0.25
0.25
0.25
0.25
0.25
0.25
0.25
0.25
0.25
0.25
0.25
0.25
0.25
0.25
0.25
0.125
0.125
0.25
0.25
0.25
0.25
0.25
0.25
0.25
0.25
0.25
0.25
0.25
0.25
0.25
0.25
0.25
0.25
0.25
0.25
0.25
0.125
0.125
0.25
0.25
0.25
0.25
0.25
0.25
0.25
0.25
0.25
0.25
0.25
0.25
0.25
0.25
0.25
0.25
0.25
0.25
0.25
0.125
0.125
0.25
0.25
0.25
0.25
0.25
0.25
0.25
0.25
0.25
0.25
0.25
0.25
0.25
0.25
0.25
0.25
0.25
0.25
0.25
0.125
0.125
0.25
0.25
0.25
0.25
0.25
0.25
0.25
0.25
0.25
0.25
0.25
0.25
0.25
0.25
0.25
0.25
0.25
0.25
0.25
0.125
0.0625
0.125
0.125
0.125
0.125
0.125
0.125
0.125
0.125
0.125
0.125
0.125
0.125
0.125
0.125
0.125
0.125
0.125
0.125
0.125
0.0625
-1        -0.5           0
-0.9        -0.5           0
-0.8        -0.5           0
-0.7        -0.5           0
-0.6        -0.5           0
-0.5        -0.5           0
-0.4        -0.5           0
-0.3        -0.5           0
-0.2        -0.5           0
-0.1        -0.5           0
0        -0.5           0
0.1        -0.5           0
0.2        -0.5           0
0.3        -0.5           0
0.4        -0.5           0
0.5        -0.5           0
0.6        -0.5           0
0.7        -0.5           0
0.8        -0.5           0
0.9        -0.5           0
1        -0.5           0
-1        -0.4           0
-0.9        -0.4           0
-0.8        -0.4           0
-0.7        -0.4           0
-0.6        -0.4           0
-0.5        -0.4           0
-0.4        -0.4           0
-0.3        -0.4           0
-0.2        -0.4           0
-0.1        -0.4           0
0        -0.4           0
0.1        -0.4           0
0.2        -0.4           0
0.3        -0.4           0
0.4        -0.4           0
0.5        -0.4           0
0.6        -0.4           0
0.7        -0.4           0
0.8        -0.4           0
0.9        -0.4           0
1        -0.4           0
-1        -0.3           0
-0.9        -0.3           0
-0.8        -0.3           0
-0.7        -0.3           0
-0.6        -0.3           0
-0.5        -0.3           0
-0.4        -0.3           0
-0.3        -0.3           0
-0.2        -0.3           0
-0.1        -0.3           0
0        -0.3           0
0.1        -0.3           0
0.2        -0.3           0
0.3        -0.3           0
0.4        -0.3           0
0.5        -0.3           0
0.6        -0.3           0
0.7        -0.3           0
0.8        -0.3           0
0.9        -0.3           0
1        -0.3           0
-1        -0.2           0
-0.9        -0.2           0
-0.8        -0.2           0
-0.7        -0.2           0
-0.6        -0.2           0
-0.5        -0.2           0
-0.4        -0.2           0
-0.3        -0.2           0
-0.2        -0.2           0
-0.1        -0.2           0
0        -0.2           0
0.1        -0.2           0
0.2        -0.2           0
0.3        -0.2           0
0.4        -0.2           0
0.5        -0.2           0
0.6        -0.2           0
0.7        -0.2           0
0.8        -0.2           0
0.9        -0.2           0
1        -0.2           0
-1        -0.1           0
-0.9        -0.1           0
-0.8        -0.1           0
-0.7        -0.1           0
-0.6        -0.1           0
-0.5        -0.1           0
-0.4        -0.1           0
-0.3        -0.1           0
-0.2        -0.1           0
-0.1        -0.1           0
0        -0.1           0
0.1        -0.1           0
0.2        -0.1           0
0.3        -0.1           0
0.4        -0.1           0
0.5        -0.1           0
0.6        -0.1           0
0.7        -0.1           0
0.8        -0.1           0
0.9        -0.1           0
1        -0.1           0
-1  0  0
-0.9           0           0
-0.8           0           0
-0.7           0           0
-0.6           0           0
-0.5           0           0
-0.4           0           0
-0.3           0           0
-0.2           0           0
-0.1           0           0
0  0  0
0.1           0           0
0.2           0           0
0.3           0           0
0.4           0           0
0.5           0           0
0.6           0           0
0.7           0           0
0.8           0           0
0.9           0           0
1  0  0
-1         0.1           0
-0.9         0.1           0
-0.8         0.1           0
-0.7         0.1           0
-0.6         0.1           0
-0.5         0.1           0
-0.4         0.1           0
-0.3         0.1           0
-0.2         0.1           0
-0.1         0.1           0
0         0.1           0
0.1         0.1           0
0.2         0.1           0
0.3         0.1           0
0.4         0.1           0
0.5         0.1           0
0.6         0.1           0
0.7         0.1           0
0.8         0.1           0
0.9         0.1           0
1         0.1           0
-1         0.2           0
-0.9         0.2           0
-0.8         0.2           0
-0.7         0.2           0
-0.6         0.2           0
-0.5         0.2           0
-0.4         0.2           0
-0.3         0.2           0
-0.2         0.2           0
-0.1         0.2           0
0         0.2           0
0.1         0.2           0
0.2         0.2           0
0.3         0.2           0
0.4         0.2           0
0.5         0.2           0
0.6         0.2           0
0.7         0.2           0
0.8         0.2           0
0.9         0.2           0
1         0.2           0
-1         0.3           0
-0.9         0.3           0
-0.8         0.3           0
-0.7         0.3           0
-0.6         0.3           0
-0.5         0.3           0
-0.4         0.3           0
-0.3         0.3           0
-0.2         0.3           0
-0.1         0.3           0
0         0.3           0
0.1         0.3           0
0.2         0.3           0
0.3         0.3           0
0.4         0.3           0
0.5         0.3           0
0.6         0.3           0
0.7         0.3           0
0.8         0.3           0
0.9         0.3           0
1         0.3           0
-1         0.4           0
-0.9         0.4           0
-0.8         0.4           0
-0.7         0.4           0
-0.6         0.4           0
-0.5         0.4           0
-0.4         0.4           0
-0.3         0.4           0
-0.2         0.4           0
-0.1         0.4           0
0         0.4           0
0.1         0.4           0
0.2         0.4           0
0.3         0.4           0
0.4         0.4           0
0.5         0.4           0
0.6         0.4           0
0.7         0.4           0
0.8         0.4           0
0.9         0.4           0
1         0.4           0
-1         0.5           0
-0.9         0.5           0
-0.8         0.5           0
-0.7         0.5           0
-0.6         0.5           0
-0.5         0.5           0
-0.4         0.5           0
-0.3         0.5           0
-0.2         0.5           0
-0.1         0.5           0
0         0.5           0
0.1         0.5           0
0.2         0.5           0
0.3         0.5           0
0.4         0.5           0
0.5         0.5           0
0.6         0.5           0
0.7         0.5           0
0.8         0.5           0
0.9         0.5           0
1         0.5           0
4.0113e-15 -2.6254e-15     0.94037     0.19588      2.3219  3.4362e-15
2.6431e-15 -2.1087e-15           1     -1.8477     0.51542  2.0984e-15
4.0394e-15 -2.2174e-15     0.70832     0.20554       2.319  4.0631e-15
2.5873e-15 -1.8603e-15     0.94628     -1.8126     0.55887  1.7308e-15
4.0807e-15 -1.8062e-15     0.47769     0.23097      2.2933  4.3355e-15
2.6436e-15 -1.7016e-15     0.88529     -1.7297     0.66029  2.1921e-15
4.0279e-15 -1.3864e-15     0.25205      0.2691      2.2191  4.1348e-15
2.6081e-15 -1.4841e-15     0.81306     -1.6068      0.7835  1.9188e-15
3.9957e-15  -9.614e-16    0.036939     0.31544      2.0828  3.8106e-15
2.6499e-15 -1.3045e-15     0.72808     -1.4491     0.91511  2.2588e-15
3.9698e-15 -5.2816e-16    -0.16108     0.36533      1.8771  3.9134e-15
2.6051e-15 -1.0797e-15     0.63018     -1.2593      1.0416  1.9494e-15
4.0175e-15 -2.2166e-16    -0.33507     0.41395      1.6023  4.0138e-15
2.598e-15 -8.2882e-16     0.52026     -1.0424      1.1553  2.0272e-15
3.9347e-15  2.0804e-16     -0.4784     0.45692      1.2641  3.6957e-15
2.6235e-15 -6.8089e-16     0.39994    -0.80248      1.2494  2.1156e-15
4.0161e-15   5.612e-16    -0.58532      0.4905     0.87389  3.6435e-15
2.6048e-15 -4.4409e-16     0.27139    -0.54507      1.3198   2.184e-15
3.9918e-15  9.6415e-16    -0.65135     0.51181     0.44655  4.2602e-15
2.6173e-15 -2.6513e-16     0.13715    -0.27556      1.3631  1.7038e-15
3.9862e-15  1.3596e-15    -0.67368     0.51913 -6.1019e-11  4.0592e-15
2.6292e-15  -6.509e-17 -1.6316e-11    3.16e-12      1.3778  2.0931e-15
3.9399e-15  1.7369e-15    -0.65135     0.51181    -0.44655  3.7012e-15
2.5945e-15  1.7947e-16    -0.13715     0.27556      1.3631   2.001e-15
3.9979e-15  2.1375e-15    -0.58532      0.4905    -0.87389  4.3222e-15
2.6024e-15  3.4193e-16    -0.27139     0.54507      1.3198  1.8279e-15
3.937e-15  2.5744e-15     -0.4784     0.45692     -1.2641  3.8997e-15
2.5923e-15  5.3809e-16    -0.39994     0.80248      1.2494  2.1538e-15
3.94e-15  2.9273e-15    -0.33507     0.41395     -1.6023  4.1003e-15
2.5659e-15  7.5575e-16    -0.52026      1.0424      1.1553  1.6471e-15
4.029e-15  3.3413e-15    -0.16108     0.36533     -1.8771  4.4377e-15
2.5572e-15  9.3315e-16    -0.63018      1.2593      1.0416  1.8358e-15
3.9667e-15  3.7015e-15    0.036939     0.31544     -2.0828  3.6631e-15
2.6148e-15  1.1411e-15    -0.72808      1.4491     0.91511  1.9506e-15
4.0327e-15  4.1837e-15     0.25205      0.2691     -2.2191  4.5932e-15
2.5844e-15  1.2626e-15    -0.81306      1.6068      0.7835  1.8118e-15
3.9492e-15  4.5869e-15     0.47769     0.23097     -2.2933   3.715e-15
2.5931e-15  1.5107e-15    -0.88529      1.7297     0.66029  2.0454e-15
4.0721e-15  4.9574e-15     0.70832     0.20554      -2.319  3.9041e-15
2.5749e-15  1.6661e-15    -0.94628      1.8126     0.55887   2.223e-15
4.0131e-15  5.3621e-15     0.94037     0.19588     -2.3219  4.2236e-15
2.6048e-15  1.9515e-15          -1      1.8477     0.51542  2.4092e-15
3.6616e-15 -2.6528e-15     0.95934     0.18348      2.3184  4.0268e-15
2.3895e-15 -2.0363e-15     0.81328     -1.8866     0.48013  1.9289e-15
3.6172e-15  -2.205e-15     0.72819     0.19182      2.3046  4.2726e-15
2.4206e-15 -1.8987e-15     0.76482     -1.8168     0.48924  1.8114e-15
3.5896e-15 -1.7955e-15     0.49963     0.20788      2.2666  4.1569e-15
2.3593e-15 -1.7383e-15     0.71281     -1.7199     0.55126  1.9051e-15
3.6199e-15 -1.3927e-15     0.27711     0.23192       2.184  4.0261e-15
2.4192e-15 -1.4691e-15      0.6532     -1.5905      0.6414  1.9825e-15
3.6454e-15 -9.4694e-16    0.065782     0.26143      2.0425  3.9509e-15
2.3805e-15 -1.3146e-15     0.58413     -1.4298     0.74054    2.02e-15
3.6288e-15 -6.1223e-16    -0.12814      0.2935      1.8359  3.9734e-15
2.4333e-15 -1.0521e-15     0.50519     -1.2405     0.83908  2.0437e-15
3.5633e-15 -1.7575e-16    -0.29812     0.32502      1.5638  3.9215e-15
2.4074e-15 -8.7593e-16     0.41687     -1.0254     0.92813  2.0085e-15
3.6165e-15  1.4812e-16    -0.43791     0.35306       1.232  3.8231e-15
2.387e-15 -6.5702e-16     0.32037    -0.78894      1.0027  2.1018e-15
3.5604e-15  5.8328e-16    -0.54204     0.37506      0.8508  4.0195e-15
2.4262e-15 -4.9136e-16     0.21736    -0.53554      1.0585  1.9737e-15
3.5707e-15  9.3332e-16    -0.60631     0.38908     0.43452  3.9011e-15
2.4435e-15 -2.3939e-16     0.10983    -0.27071       1.093  2.1174e-15
3.5371e-15  1.3395e-15    -0.62803     0.39389 -4.9986e-11  4.0261e-15
2.4051e-15 -4.6687e-17 -1.6169e-11 -2.8798e-13      1.1046   1.949e-15
3.5865e-15  1.7434e-15    -0.60631     0.38908    -0.43452  4.0681e-15
2.412e-15     1.6e-16    -0.10983     0.27071       1.093  1.9938e-15
3.5683e-15  2.1616e-15    -0.54204     0.37506     -0.8508  3.9476e-15
2.4145e-15  3.5184e-16    -0.21736     0.53554      1.0585  2.0743e-15
3.5515e-15  2.5483e-15    -0.43791     0.35306      -1.232  3.9435e-15
2.4048e-15  5.4557e-16    -0.32037     0.78894      1.0027  1.9385e-15
3.6389e-15  2.9552e-15    -0.29812     0.32502     -1.5638  3.9226e-15
2.414e-15  7.2363e-16    -0.41687      1.0254     0.92813  1.9925e-15
3.5642e-15  3.3389e-15    -0.12814      0.2935     -1.8359  3.9497e-15
2.4202e-15  9.5391e-16    -0.50519      1.2405     0.83908  1.8368e-15
3.6441e-15  3.7298e-15    0.065782     0.26143     -2.0425  4.0081e-15
2.4019e-15  1.0979e-15    -0.58413      1.4298     0.74054  1.9029e-15
3.5555e-15  4.1326e-15     0.27711     0.23192      -2.184  4.0311e-15
2.4006e-15  1.2919e-15     -0.6532      1.5905      0.6414  1.8888e-15
3.7095e-15  4.5958e-15     0.49963     0.20788     -2.2666  3.8705e-15
2.3823e-15  1.4734e-15    -0.71281      1.7199     0.55126  1.9597e-15
3.6216e-15  4.9347e-15     0.72819     0.19182     -2.3046  3.8907e-15
2.3852e-15  1.7333e-15    -0.76482      1.8168     0.48924  2.0405e-15
3.6586e-15  5.3666e-15     0.95934     0.18348     -2.3184  4.0719e-15
2.3392e-15  1.8956e-15    -0.81328      1.8866     0.48013   1.768e-15
3.171e-15 -2.6504e-15     0.97609     0.15165      2.3136  4.5549e-15
2.2061e-15 -2.0604e-15     0.62046     -1.9691     0.39833  1.7027e-15
3.2065e-15   -2.19e-15     0.74569      0.1581      2.2945  4.1353e-15
2.189e-15 -1.8858e-15     0.58078     -1.8643     0.39532  1.9097e-15
3.1631e-15 -1.8353e-15     0.51846     0.16868      2.2499  4.1356e-15
2.2021e-15 -1.6705e-15     0.53945     -1.7472     0.43116  1.9204e-15
3.1977e-15 -1.3779e-15     0.29788      0.1835      2.1616  4.0843e-15
2.1992e-15 -1.5037e-15     0.49331     -1.6073     0.49132   2.006e-15
3.1939e-15 -9.7768e-16    0.088944     0.20179      2.0169   4.027e-15
2.2322e-15 -1.2587e-15     0.44061     -1.4405      0.5623  2.0781e-15
3.1794e-15 -5.3406e-16    -0.10237     0.22174      1.8093  3.9011e-15
2.213e-15 -1.0627e-15     0.38079     -1.2474     0.63379  2.0354e-15
3.2573e-15 -1.9046e-16    -0.26979     0.24149      1.5389  3.8513e-15
2.2288e-15 -8.7431e-16     0.31409     -1.0301     0.69976  1.9715e-15
3.2022e-15   2.374e-16     -0.4073     0.25913       1.211  3.9369e-15
2.2176e-15 -6.9632e-16     0.24132    -0.79195     0.75504  1.9976e-15
3.1994e-15  5.3593e-16    -0.50964     0.27305     0.83569  3.9347e-15
2.2539e-15 -4.5722e-16     0.16371    -0.53744     0.79674  1.9916e-15
3.1883e-15  9.5204e-16    -0.57276     0.28193      0.4266  3.8909e-15
2.2004e-15 -2.6487e-16    0.082717    -0.27159     0.82249  2.0426e-15
3.1747e-15  1.3268e-15    -0.59409     0.28499 -3.3825e-11  3.8522e-15
2.2112e-15 -3.1966e-17  -1.635e-11 -3.2744e-12     0.83125  2.0829e-15
3.1892e-15  1.7267e-15    -0.57276     0.28193     -0.4266  4.0878e-15
2.2407e-15  1.7434e-16   -0.082717     0.27159     0.82249  1.9891e-15
3.2052e-15   2.174e-15    -0.50964     0.27305    -0.83569  4.0034e-15
2.1989e-15  3.4117e-16    -0.16371     0.53744     0.79674  1.9145e-15
3.2035e-15  2.5412e-15     -0.4073     0.25913      -1.211  4.0617e-15
2.2301e-15  5.4913e-16    -0.24132     0.79195     0.75504   1.823e-15
3.2284e-15  2.9483e-15    -0.26979     0.24149     -1.5389  3.9671e-15
2.1794e-15  7.4491e-16    -0.31409      1.0301     0.69976  1.9121e-15
3.2158e-15  3.3166e-15    -0.10237     0.22174     -1.8093  4.0601e-15
2.1949e-15  9.4581e-16    -0.38079      1.2474     0.63379  1.8491e-15
3.1733e-15  3.7613e-15    0.088944     0.20179     -2.0169  3.9412e-15
2.2093e-15  1.0931e-15    -0.44061      1.4405      0.5623  1.9762e-15
3.2601e-15  4.1305e-15     0.29788      0.1835     -2.1616  3.9229e-15
2.1997e-15  1.3578e-15    -0.49331      1.6073     0.49132  2.0392e-15
3.1542e-15  4.5662e-15     0.51846     0.16868     -2.2499  4.0438e-15
2.2191e-15  1.4547e-15    -0.53945      1.7472     0.43116  1.8656e-15
3.2532e-15  4.9475e-15     0.74569      0.1581     -2.2945  3.9472e-15
2.1919e-15  1.6812e-15    -0.58078      1.8643     0.39532  1.9766e-15
3.1942e-15  5.3028e-15     0.97609     0.15165     -2.3136  3.8365e-15
2.1816e-15  1.9307e-15    -0.62046      1.9691     0.39833  2.0011e-15
2.797e-15 -2.5774e-15     0.98905      0.1076      2.3099  3.6319e-15
1.9918e-15  -2.079e-15     0.41953     -2.0488     0.28352  2.0644e-15
2.8118e-15 -2.2557e-15     0.75918     0.11166      2.2877  3.9898e-15
2.0392e-15 -1.8678e-15     0.39148      -1.922     0.27739  1.9297e-15
2.7998e-15  -1.808e-15      0.5328     0.11815      2.2398  4.0308e-15
2.0003e-15 -1.6756e-15     0.36274     -1.7866     0.29753  1.9232e-15
2.8034e-15 -1.4425e-15     0.31339     0.12686      2.1484  4.1285e-15
2.0123e-15 -1.5013e-15     0.33116     -1.6358     0.33424   1.901e-15
2.7952e-15 -9.4794e-16      0.1059     0.13737      2.0015  4.0242e-15
1.9822e-15 -1.2834e-15     0.29549     -1.4618     0.37935  1.9548e-15
2.7968e-15 -6.2031e-16   -0.083841     0.14891      1.7933  3.9793e-15
2.0331e-15 -1.0303e-15     0.25522     -1.2639     0.42618   1.988e-15
2.791e-15  -1.658e-16     -0.2497     0.16035      1.5238  3.9101e-15
2.0319e-15 -8.9579e-16     0.21045     -1.0427     0.46955  2.0689e-15
2.8121e-15  1.6675e-16    -0.38581     0.17063      1.1983  3.8258e-15
2.0222e-15  -6.662e-16     0.16166    -0.80126     0.50635  2.0901e-15
2.8289e-15  5.6326e-16    -0.48705     0.17875     0.82649  3.9145e-15
2.0147e-15 -4.6258e-16     0.10966    -0.54355     0.53404  1.9943e-15
2.8149e-15  9.1935e-16    -0.54946     0.18395     0.42179  3.9348e-15
2.0514e-15 -2.3353e-16    0.055404    -0.27466     0.55127  1.9599e-15
2.8031e-15  1.3509e-15    -0.57055     0.18573  -2.221e-11  3.9235e-15
1.9891e-15 -4.4616e-17 -1.6788e-11 -5.5284e-12     0.55707  2.0173e-15
2.7849e-15  1.7676e-15    -0.54946     0.18395    -0.42179  3.8442e-15
2.0157e-15  1.4483e-16   -0.055404     0.27466     0.55127  2.0009e-15
2.7398e-15  2.1232e-15    -0.48705     0.17875    -0.82649  4.0987e-15
2.0394e-15  3.4788e-16    -0.10966     0.54355     0.53404  1.9457e-15
2.8054e-15  2.5506e-15    -0.38581     0.17063     -1.1983  4.1404e-15
2.0278e-15  5.3413e-16    -0.16166     0.80126     0.50635  1.9254e-15
2.8091e-15  2.9116e-15     -0.2497     0.16035     -1.5238  3.9523e-15
2.0107e-15  7.5767e-16    -0.21045      1.0427     0.46955  1.8643e-15
2.7748e-15  3.3432e-15   -0.083841     0.14891     -1.7933  3.9153e-15
2.0129e-15  9.3431e-16    -0.25522      1.2639     0.42618   2.054e-15
2.8659e-15  3.6865e-15      0.1059     0.13737     -2.0015  4.0135e-15
2.014e-15  1.1527e-15    -0.29549      1.4618     0.37935  1.9163e-15
2.7794e-15  4.1393e-15     0.31339     0.12686     -2.1484  4.0593e-15
2.0183e-15  1.3066e-15    -0.33116      1.6358     0.33424  1.8464e-15
2.8025e-15  4.5371e-15      0.5328     0.11815     -2.2398  4.1763e-15
2.0202e-15  1.5082e-15    -0.36274      1.7866     0.29753  1.8357e-15
2.8209e-15  4.9281e-15     0.75918     0.11166     -2.2877  3.8854e-15
2.0064e-15  1.7158e-15    -0.39148       1.922     0.27739  2.0038e-15
2.8479e-15  5.3378e-15     0.98905      0.1076     -2.3099  4.0825e-15
2.0173e-15  1.8701e-15    -0.41953      2.0488     0.28352  1.7353e-15
2.4309e-15 -2.6009e-15     0.99722    0.055658      2.3078  3.8102e-15
1.8172e-15 -2.0486e-15     0.21171     -2.1065     0.14733  1.9079e-15
2.4031e-15 -2.1941e-15     0.76764    0.057671      2.2837  4.0322e-15
1.7915e-15 -1.8513e-15      0.1972     -1.9642     0.14289  1.9781e-15
2.4027e-15 -1.8162e-15     0.54175    0.060717      2.2342  3.9928e-15
1.8294e-15 -1.7195e-15     0.18246     -1.8187      0.1518  1.9466e-15
2.4001e-15 -1.4325e-15     0.32298    0.064753      2.1412  3.9235e-15
1.8163e-15 -1.4564e-15      0.1664     -1.6595     0.16928  2.0321e-15
2.391e-15 -1.0307e-15     0.11625    0.069581      1.9932  4.0102e-15
1.8642e-15 -1.2773e-15     0.14838     -1.4802     0.19115  1.9255e-15
2.3905e-15 -5.9438e-16   -0.072653    0.074833      1.7847  3.9992e-15
1.8185e-15 -1.0856e-15     0.12811     -1.2783     0.21413  1.9655e-15
2.4459e-15 -2.2884e-16    -0.23768    0.080076      1.5157  3.8654e-15
1.8203e-15 -8.3904e-16     0.10561     -1.0539     0.23572  2.1086e-15
2.3711e-15  2.0996e-16    -0.37304    0.084782      1.1914  3.7951e-15
1.8195e-15 -6.8432e-16    0.081121    -0.80958       0.254  2.0161e-15
2.4424e-15  5.3382e-16    -0.47369    0.088515     0.82149  3.8415e-15
1.8215e-15 -4.3761e-16    0.055022    -0.54912     0.26787  2.0467e-15
2.3782e-15  9.6233e-16    -0.53572    0.090903     0.41916  3.9464e-15
1.7848e-15 -2.4799e-16    0.027799    -0.27744     0.27646   1.977e-15
2.4216e-15  1.3347e-15    -0.55668    0.091729 -6.4082e-12  3.8158e-15
1.7862e-15 -4.5643e-17 -1.7419e-11 -7.0534e-12     0.27938  1.9824e-15
2.3834e-15  1.7116e-15    -0.53572    0.090903    -0.41916  4.0246e-15
1.8566e-15  1.8756e-16   -0.027799     0.27744     0.27646  1.9583e-15
2.3766e-15  2.1713e-15    -0.47369    0.088515    -0.82149  3.9544e-15
1.8011e-15  3.2234e-16   -0.055022     0.54912     0.26787   1.957e-15
2.3508e-15  2.4797e-15    -0.37304    0.084782     -1.1914  3.8309e-15
1.8357e-15  5.8429e-16   -0.081121     0.80958       0.254  1.9511e-15
2.4313e-15   2.922e-15    -0.23768    0.080076     -1.5157  4.0067e-15
1.8117e-15  7.4134e-16    -0.10561      1.0539     0.23572  1.9248e-15
2.4067e-15  3.3036e-15   -0.072653    0.074833     -1.7847  3.8757e-15
1.8015e-15  9.6653e-16    -0.12811      1.2783     0.21413  2.0144e-15
2.3935e-15  3.7262e-15     0.11625    0.069581     -1.9932  3.9783e-15
1.8136e-15  1.1292e-15    -0.14838      1.4802     0.19115  1.9698e-15
2.4817e-15  4.1489e-15     0.32298    0.064753     -2.1412  4.2089e-15
1.8215e-15  1.2945e-15     -0.1664      1.6595     0.16928  1.7143e-15
2.391e-15  4.5304e-15     0.54175    0.060717     -2.2342  4.0381e-15
1.812e-15  1.5393e-15    -0.18246      1.8187      0.1518  1.8466e-15
2.4249e-15  4.9548e-15     0.76764    0.057671     -2.2837  3.9026e-15
1.8318e-15  1.7096e-15     -0.1972      1.9642     0.14289  1.9281e-15
2.4012e-15  5.2936e-15     0.99722    0.055658     -2.3078  3.8957e-15
1.8183e-15  1.9037e-15    -0.21171      2.1065     0.14733   1.897e-15
2.0221e-15 -2.5526e-15           1   1.073e-10       2.307  3.6838e-15
1.6026e-15 -2.0912e-15  9.1283e-12     -2.1266  4.7962e-11  2.0346e-15
2.0488e-15 -2.2212e-15     0.77053  1.0473e-10      2.2825  4.0813e-15
1.6349e-15  -1.883e-15  4.2892e-12     -1.9803  4.8866e-11  1.9167e-15
2.0115e-15  -1.769e-15     0.54478  1.0125e-10      2.2324  3.9306e-15
1.6431e-15  -1.673e-15 -5.3369e-13     -1.8302  4.7546e-11  1.9296e-15
2.0232e-15 -1.3912e-15     0.32621  9.6883e-11       2.139  4.0187e-15
1.6305e-15 -1.5057e-15 -5.1919e-12     -1.6687  4.5656e-11  1.8442e-15
2.0357e-15  -9.465e-16     0.11973   9.164e-11      1.9907  4.0709e-15
1.6155e-15 -1.2991e-15 -9.5484e-12     -1.4872  4.1433e-11  2.0841e-15
1.9975e-15 -5.9207e-16   -0.068911  8.5449e-11      1.7821  3.9828e-15
1.6145e-15 -1.0606e-15 -1.3397e-11     -1.2839  3.5584e-11  1.9746e-15
2.0173e-15 -2.2567e-16    -0.23368  7.8111e-11      1.5132  3.9463e-15
1.603e-15 -8.7074e-16 -1.6539e-11     -1.0583  2.7223e-11  1.9419e-15
2.0321e-15  1.8898e-16     -0.3688  6.9404e-11      1.1893  3.8038e-15
1.6069e-15 -6.6504e-16 -1.8752e-11    -0.81283  1.7055e-11  2.1617e-15
2.0532e-15  5.6171e-16    -0.46926  5.9222e-11     0.81994  3.7911e-15
1.5911e-15 -4.5218e-16  -1.985e-11    -0.55128  4.8647e-12  2.0866e-15
2.0027e-15  9.2093e-16    -0.53118  4.6838e-11     0.41835  3.8324e-15
1.6149e-15  -2.459e-16 -1.9685e-11    -0.27853 -8.1156e-12  2.0262e-15
2.027e-15  1.3537e-15    -0.55209  3.3425e-11  6.7561e-12  3.9113e-15
1.597e-15 -5.6462e-17 -1.8193e-11 -8.4596e-12 -2.1769e-11  1.9223e-15
2.016e-15  1.7295e-15    -0.53118  1.9017e-11    -0.41835  3.7998e-15
1.6239e-15  1.5198e-16 -1.5353e-11     0.27853 -3.4988e-11  2.1315e-15
2.0217e-15  2.1377e-15    -0.46926  4.2288e-12    -0.81994  3.8282e-15
1.6302e-15  3.5922e-16 -1.1239e-11     0.55128 -4.7336e-11   1.966e-15
2.0426e-15  2.5064e-15     -0.3688 -1.1192e-11     -1.1893  3.7214e-15
1.6012e-15  5.3683e-16 -5.9645e-12     0.81283 -5.8091e-11  1.9811e-15
2.0159e-15   2.889e-15    -0.23368 -2.6678e-11     -1.5132  3.9507e-15
1.6181e-15  7.7488e-16  3.0543e-13      1.0583 -6.7372e-11  1.8876e-15
2.0521e-15   3.291e-15   -0.068911 -4.1478e-11     -1.7821  4.1519e-15
1.6277e-15  9.2149e-16  7.3909e-12      1.2839 -7.4259e-11  1.7779e-15
2.0083e-15  3.7479e-15     0.11973  -5.604e-11     -1.9907  3.9055e-15
1.5977e-15  1.1078e-15  1.5094e-11      1.4872 -7.9889e-11   1.908e-15
1.9827e-15  4.0823e-15     0.32621 -6.9691e-11      -2.139  3.9937e-15
1.6287e-15  1.3331e-15  2.3254e-11      1.6687 -8.3214e-11  1.8895e-15
2.0639e-15  4.5143e-15     0.54478 -8.2459e-11     -2.2324  3.9982e-15
1.6374e-15  1.5106e-15  3.1702e-11      1.8302 -8.5843e-11  1.9994e-15
2.0355e-15  4.9249e-15     0.77053 -9.4695e-11     -2.2825   4.043e-15
1.6039e-15  1.6999e-15  4.0359e-11      1.9803 -8.7184e-11    1.92e-15
2.0791e-15  5.3314e-15           1 -1.0495e-10      -2.307  4.2247e-15
1.6122e-15   1.847e-15  4.9153e-11      2.1266 -8.8803e-11  1.6743e-15
1.5991e-15 -2.6248e-15     0.99722   -0.055658      2.3078  4.1031e-15
1.4475e-15 -2.1025e-15    -0.21171     -2.1065    -0.14733  1.9967e-15
1.6333e-15 -2.1637e-15     0.76764   -0.057671      2.2837   3.915e-15
1.4069e-15  -1.868e-15     -0.1972     -1.9642    -0.14289  1.9588e-15
1.5981e-15 -1.7988e-15     0.54175   -0.060717      2.2342  4.0381e-15
1.4406e-15 -1.6973e-15    -0.18246     -1.8187     -0.1518  1.8467e-15
1.6306e-15 -1.4076e-15     0.32298   -0.064753      2.1412  3.9425e-15
1.4368e-15 -1.4811e-15     -0.1664     -1.6595    -0.16928  2.0398e-15
1.6299e-15 -1.0329e-15     0.11625   -0.069581      1.9932   3.948e-15
1.4372e-15 -1.2628e-15    -0.14838     -1.4802    -0.19115  1.9709e-15
1.617e-15 -6.2561e-16   -0.072653   -0.074833      1.7847  3.9274e-15
1.4007e-15 -1.0592e-15    -0.12811     -1.2783    -0.21413  1.9277e-15
1.6493e-15 -1.9694e-16    -0.23768   -0.080076      1.5157  3.9197e-15
1.4079e-15 -8.7908e-16    -0.10561     -1.0539    -0.23572  1.9552e-15
1.6065e-15  1.8293e-16    -0.37304   -0.084782      1.1914  3.9568e-15
1.3975e-15 -6.7012e-16   -0.081121    -0.80958      -0.254   1.933e-15
1.645e-15  5.7176e-16    -0.47369   -0.088515     0.82149   3.793e-15
1.4263e-15 -4.5307e-16   -0.055022    -0.54912    -0.26787  2.0222e-15
1.6017e-15  9.6936e-16    -0.53572   -0.090903     0.41916  3.8795e-15
1.4296e-15 -2.6002e-16   -0.027799    -0.27744    -0.27646  1.9859e-15
1.6119e-15  1.3423e-15    -0.55668   -0.091729  2.1142e-11  3.9185e-15
1.4503e-15 -6.2336e-17 -1.9074e-11 -9.1334e-12    -0.27938  1.9608e-15
1.6334e-15  1.7338e-15    -0.53572   -0.090903    -0.41916  3.9587e-15
1.4095e-15  1.2906e-16    0.027799     0.27744    -0.27646  1.9801e-15
1.6219e-15  2.1134e-15    -0.47369   -0.088515    -0.82149  3.9778e-15
1.4234e-15  3.6146e-16    0.055022     0.54912    -0.26787  2.0378e-15
1.6499e-15  2.5598e-15    -0.37304   -0.084782     -1.1914  3.8692e-15
1.4548e-15  5.2639e-16    0.081121     0.80958      -0.254   2.043e-15
1.6501e-15  2.9119e-15    -0.23768   -0.080076     -1.5157  3.9539e-15
1.4478e-15  7.5726e-16     0.10561      1.0539    -0.23572  2.0233e-15
1.5931e-15  3.3343e-15   -0.072653   -0.074833     -1.7847  3.9518e-15
1.4719e-15  9.4007e-16     0.12811      1.2783    -0.21413  1.7923e-15
1.6425e-15  3.7214e-15     0.11625   -0.069581     -1.9932  3.8726e-15
1.4385e-15  1.1225e-15     0.14838      1.4802    -0.19115  1.9404e-15
1.6484e-15  4.1157e-15     0.32298   -0.064753     -2.1412  3.9761e-15
1.4621e-15  1.3007e-15      0.1664      1.6595    -0.16928  1.9767e-15
1.6385e-15  4.5272e-15     0.54175   -0.060717     -2.2342  4.0326e-15
1.4152e-15  1.5211e-15     0.18246      1.8187     -0.1518  1.8937e-15
1.6575e-15  4.9506e-15     0.76764   -0.057671     -2.2837    4.02e-15
1.4418e-15  1.6897e-15      0.1972      1.9642    -0.14289  1.7976e-15
1.6134e-15  5.3502e-15     0.99722   -0.055658     -2.3078  4.5377e-15
1.4393e-15  1.8401e-15     0.21171      2.1065    -0.14733  1.7179e-15
1.2179e-15 -2.6118e-15     0.98905     -0.1076      2.3099  4.0159e-15
1.2013e-15 -2.0546e-15    -0.41953     -2.0488    -0.28352  1.9388e-15
1.1786e-15  -2.215e-15     0.75918    -0.11166      2.2877  3.9531e-15
1.2734e-15 -1.8786e-15    -0.39148      -1.922    -0.27739   2.018e-15
1.2225e-15  -1.805e-15      0.5328    -0.11815      2.2398  3.8852e-15
1.2239e-15 -1.6618e-15    -0.36274     -1.7866    -0.29753  1.9987e-15
1.2096e-15 -1.4044e-15     0.31339    -0.12686      2.1484  3.9613e-15
1.2566e-15 -1.4973e-15    -0.33116     -1.6358    -0.33424  2.1758e-15
1.2456e-15 -1.0045e-15      0.1059    -0.13737      2.0015  3.9443e-15
1.2067e-15 -1.2661e-15    -0.29549     -1.4618    -0.37935  1.9627e-15
1.1879e-15  -6.026e-16   -0.083841    -0.14891      1.7933  3.9464e-15
1.2618e-15 -1.0527e-15    -0.25522     -1.2639    -0.42618  2.0002e-15
1.1992e-15 -1.9375e-16     -0.2497    -0.16035      1.5238  3.9308e-15
1.2444e-15 -8.7851e-16    -0.21045     -1.0427    -0.46955  1.9392e-15
1.2244e-15  1.7043e-16    -0.38581    -0.17063      1.1983  3.7969e-15
1.2489e-15 -6.6336e-16    -0.16166    -0.80126    -0.50635  1.9874e-15
1.2154e-15  5.7954e-16    -0.48705    -0.17875     0.82649  4.0675e-15
1.2291e-15 -4.6369e-16    -0.10966    -0.54355    -0.53404  1.8836e-15
1.2392e-15  9.9234e-16    -0.54946    -0.18395     0.42179  3.8568e-15
1.2102e-15 -2.9529e-16   -0.055404    -0.27466    -0.55127  2.0746e-15
1.2449e-15  1.3288e-15    -0.57055    -0.18573  3.5323e-11  3.9121e-15
1.2283e-15 -5.9992e-17 -2.0082e-11 -1.1066e-11    -0.55707  1.8847e-15
1.2258e-15    1.74e-15    -0.54946    -0.18395    -0.42179  3.8778e-15
1.218e-15  1.6551e-16    0.055404     0.27466    -0.55127  2.0591e-15
1.216e-15  2.1306e-15    -0.48705    -0.17875    -0.82649  4.0022e-15
1.2272e-15  3.3169e-16     0.10966     0.54355    -0.53404  1.9162e-15
1.2554e-15  2.5064e-15    -0.38581    -0.17063     -1.1983  4.0163e-15
1.2153e-15  5.7128e-16     0.16166     0.80126    -0.50635  1.9925e-15
1.2242e-15  2.9216e-15     -0.2497    -0.16035     -1.5238  3.9609e-15
1.2574e-15  7.2304e-16     0.21045      1.0427    -0.46955  2.0036e-15
1.2725e-15  3.3303e-15   -0.083841    -0.14891     -1.7933  3.8862e-15
1.2186e-15  9.1808e-16     0.25522      1.2639    -0.42618  1.9741e-15
1.2395e-15  3.7067e-15      0.1059    -0.13737     -2.0015  3.8982e-15
1.2475e-15  1.1257e-15     0.29549      1.4618    -0.37935   2.011e-15
1.2258e-15  4.1223e-15     0.31339    -0.12686     -2.1484  4.0153e-15
1.2201e-15  1.3397e-15     0.33116      1.6358    -0.33424  2.0186e-15
1.2082e-15  4.5088e-15      0.5328    -0.11815     -2.2398  3.8698e-15
1.2981e-15  1.5358e-15     0.36274      1.7866    -0.29753  1.9439e-15
1.2217e-15  4.9572e-15     0.75918    -0.11166     -2.2877  3.8985e-15
1.2636e-15  1.6814e-15     0.39148       1.922    -0.27739  1.9478e-15
1.2542e-15  5.3302e-15     0.98905     -0.1076     -2.3099  3.8627e-15
1.2484e-15  1.8968e-15     0.41953      2.0488    -0.28352  2.0649e-15
8.1524e-16 -2.5624e-15     0.97609    -0.15165      2.3136  3.9112e-15
1.06e-15 -2.0864e-15    -0.62046     -1.9691    -0.39833  2.0386e-15
8.0374e-16 -2.2012e-15     0.74569     -0.1581      2.2945  3.8636e-15
1.0015e-15  -1.931e-15    -0.58078     -1.8643    -0.39532  2.0309e-15
7.7641e-16 -1.7793e-15     0.51846    -0.16868      2.2499  3.9424e-15
1.0581e-15  -1.676e-15    -0.53945     -1.7472    -0.43116  2.1585e-15
8.1968e-16  -1.387e-15     0.29788     -0.1835      2.1616  3.9365e-15
1.0234e-15  -1.486e-15    -0.49331     -1.6073    -0.49132  2.1466e-15
8.4826e-16 -1.0027e-15    0.088944    -0.20179      2.0169  3.9203e-15
1.0463e-15 -1.2554e-15    -0.44061     -1.4405     -0.5623  2.0323e-15
8.2737e-16 -5.7713e-16    -0.10237    -0.22174      1.8093  3.8682e-15
1.0342e-15 -1.0544e-15    -0.38079     -1.2474    -0.63379  2.1148e-15
8.1127e-16  -2.287e-16    -0.26979    -0.24149      1.5389   3.784e-15
1.0687e-15 -8.5506e-16    -0.31409     -1.0301    -0.69976  1.9983e-15
8.414e-16  1.7982e-16     -0.4073    -0.25913       1.211  3.9079e-15
1.0291e-15 -6.6565e-16    -0.24132    -0.79195    -0.75504  2.0175e-15
8.3442e-16   5.778e-16    -0.50964    -0.27305     0.83569  3.9838e-15
1.0628e-15 -4.7927e-16    -0.16371    -0.53744    -0.79674   1.963e-15
8.3635e-16  9.9208e-16    -0.57276    -0.28193      0.4266  4.0723e-15
1.0179e-15 -2.7105e-16   -0.082717    -0.27159    -0.82249  1.9692e-15
8.1775e-16  1.3538e-15    -0.59409    -0.28499  4.9603e-11  3.9557e-15
1.0273e-15 -5.3761e-17 -2.1248e-11 -1.2206e-11    -0.83125  1.9476e-15
8.4685e-16   1.746e-15    -0.57276    -0.28193     -0.4266  3.8965e-15
1.0124e-15  1.5104e-16    0.082717     0.27159    -0.82249  2.0446e-15
8.1336e-16  2.1617e-15    -0.50964    -0.27305    -0.83569    4.04e-15
1.0365e-15  3.3994e-16     0.16371     0.53744    -0.79674  1.9608e-15
8.4592e-16  2.5531e-15     -0.4073    -0.25913      -1.211  4.0046e-15
1.0403e-15  5.2579e-16     0.24132     0.79195    -0.75504  1.8376e-15
8.6777e-16  2.9391e-15    -0.26979    -0.24149     -1.5389  3.8804e-15
1.0348e-15  7.4637e-16     0.31409      1.0301    -0.69976  2.0514e-15
8.614e-16  3.3222e-15    -0.10237    -0.22174     -1.8093  3.9798e-15
1.04e-15  9.3676e-16     0.38079      1.2474    -0.63379  2.0127e-15
8.8136e-16  3.7655e-15    0.088944    -0.20179     -2.0169  3.8072e-15
1.0348e-15  1.0884e-15     0.44061      1.4405     -0.5623  2.0688e-15
8.1808e-16  4.0976e-15     0.29788     -0.1835     -2.1616  4.1101e-15
1.0713e-15  1.3061e-15     0.49331      1.6073    -0.49132  1.7717e-15
8.6748e-16  4.5765e-15     0.51846    -0.16868     -2.2499  4.1694e-15
1.0201e-15  1.4762e-15     0.53945      1.7472    -0.43116  1.8725e-15
8.8033e-16  4.9212e-15     0.74569     -0.1581     -2.2945  3.9676e-15
1.0449e-15  1.7023e-15     0.58078      1.8643    -0.39532  1.9038e-15
8.4337e-16  5.3646e-15     0.97609    -0.15165     -2.3136  3.9621e-15
1.0358e-15  1.8663e-15     0.62046      1.9691    -0.39833  1.9743e-15
4.6764e-16 -2.5954e-15     0.95934    -0.18348      2.3184  3.9179e-15
7.5883e-16 -2.1281e-15    -0.81328     -1.8866    -0.48013  2.1973e-15
4.7435e-16 -2.1703e-15     0.72819    -0.19182      2.3046   3.956e-15
8.1501e-16 -1.9096e-15    -0.76482     -1.8168    -0.48924  2.0922e-15
4.0693e-16 -1.7914e-15     0.49963    -0.20788      2.2666  3.9327e-15
8.1957e-16 -1.7083e-15    -0.71281     -1.7199    -0.55126  2.0664e-15
4.3519e-16  -1.374e-15     0.27711    -0.23192       2.184  4.0133e-15
8.2397e-16 -1.4899e-15     -0.6532     -1.5905     -0.6414  2.1879e-15
4.3537e-16 -1.0105e-15    0.065782    -0.26143      2.0425  3.9282e-15
8.0974e-16 -1.2511e-15    -0.58413     -1.4298    -0.74054  1.9073e-15
4.4308e-16 -6.4247e-16    -0.12814     -0.2935      1.8359   3.941e-15
8.3452e-16 -1.0676e-15    -0.50519     -1.2405    -0.83908  1.9877e-15
4.5169e-16 -1.8743e-16    -0.29812    -0.32502      1.5638  3.8933e-15
8.513e-16 -8.6181e-16    -0.41687     -1.0254    -0.92813  2.0358e-15
4.1864e-16  1.2741e-16    -0.43791    -0.35306       1.232  3.8894e-15
8.5534e-16 -6.5023e-16    -0.32037    -0.78894     -1.0027  2.0266e-15
4.5199e-16  5.7272e-16    -0.54204    -0.37506      0.8508  4.0463e-15
7.978e-16  -4.758e-16    -0.21736    -0.53554     -1.0585  1.9019e-15
4.2774e-16  9.5272e-16    -0.60631    -0.38908     0.43452  3.9128e-15
8.54e-16 -2.4258e-16    -0.10983    -0.27071      -1.093  1.9781e-15
4.6578e-16  1.3633e-15    -0.62803    -0.39389  6.2673e-11  3.9831e-15
8.1819e-16 -8.5073e-17 -2.2665e-11 -1.6169e-11     -1.1046  2.0406e-15
4.4899e-16  1.7683e-15    -0.60631    -0.38908    -0.43452  3.9027e-15
8.5484e-16  1.1493e-16     0.10983     0.27071      -1.093  2.0169e-15
4.5865e-16  2.1827e-15    -0.54204    -0.37506     -0.8508  3.9545e-15
7.9517e-16  3.3459e-16     0.21736     0.53554     -1.0585  1.9685e-15
4.3734e-16  2.5674e-15    -0.43791    -0.35306      -1.232  3.9362e-15
8.4206e-16  5.1666e-16     0.32037     0.78894     -1.0027  2.0479e-15
4.3148e-16  2.9378e-15    -0.29812    -0.32502     -1.5638  4.1192e-15
8.6104e-16  7.2027e-16     0.41687      1.0254    -0.92813  1.7831e-15
4.4985e-16   3.348e-15    -0.12814     -0.2935     -1.8359  3.9595e-15
8.1912e-16  9.3102e-16     0.50519      1.2405    -0.83908  1.9691e-15
4.1713e-16  3.6993e-15    0.065782    -0.26143     -2.0425  4.0045e-15
8.5132e-16  1.0998e-15     0.58413      1.4298    -0.74054  1.9492e-15
4.5912e-16  4.1564e-15     0.27711    -0.23192      -2.184  3.8534e-15
8.4707e-16  1.2847e-15      0.6532      1.5905     -0.6414  2.0031e-15
4.0902e-16  4.4909e-15     0.49963    -0.20788     -2.2666  4.0815e-15
9.0094e-16  1.4896e-15     0.71281      1.7199    -0.55126  1.8136e-15
4.4728e-16  4.9431e-15     0.72819    -0.19182     -2.3046  4.1704e-15
8.3227e-16  1.7374e-15     0.76482      1.8168    -0.48924  1.8697e-15
4.888e-16  5.3167e-15     0.95934    -0.18348     -2.3184  3.8149e-15
8.3126e-16  1.8878e-15     0.81328      1.8866    -0.48013  1.8655e-15
1.8482e-17 -2.5713e-15     0.94037    -0.19588      2.3219  4.3897e-15
6.773e-16 -2.0823e-15          -1     -1.8477    -0.51542  1.5298e-15
4.4511e-17 -2.2025e-15     0.70832    -0.20554       2.319  3.7615e-15
6.0832e-16 -1.9103e-15    -0.94628     -1.8126    -0.55887  2.3479e-15
1.3989e-17 -1.7888e-15     0.47769    -0.23097      2.2933    3.97e-15
6.0728e-16 -1.6821e-15    -0.88529     -1.7297    -0.66029  1.9341e-15
3.0735e-17 -1.3853e-15     0.25205     -0.2691      2.2191  3.8964e-15
5.6364e-16 -1.4959e-15    -0.81306     -1.6068     -0.7835  2.1667e-15
4.5872e-17 -9.7338e-16    0.036939    -0.31544      2.0828  3.9352e-15
6.4134e-16 -1.2686e-15    -0.72808     -1.4491    -0.91511  1.8855e-15
6.921e-17 -6.0046e-16    -0.16108    -0.36533      1.8771  3.8463e-15
6.371e-16 -1.0592e-15    -0.63018     -1.2593     -1.0416  2.2014e-15
2.7158e-17 -2.3507e-16    -0.33507    -0.41395      1.6023  4.0066e-15
6.4166e-16 -8.5081e-16    -0.52026     -1.0424     -1.1553  2.0507e-15
9.9394e-17  1.5871e-16     -0.4784    -0.45692      1.2641  3.9841e-15
6.3916e-16 -6.5441e-16    -0.39994    -0.80248     -1.2494  2.0979e-15
2.1153e-17  5.3444e-16    -0.58532     -0.4905     0.87389  4.3144e-15
6.8349e-16 -4.4696e-16    -0.27139    -0.54507     -1.3198  1.5568e-15
-1.0959e-18  9.8454e-16    -0.65135    -0.51181     0.44655  4.0538e-15
6.2616e-16 -2.7582e-16    -0.13715    -0.27556     -1.3631  2.1028e-15
3.0404e-17  1.3506e-15    -0.67368    -0.51913  7.5975e-11  4.0346e-15
6.3742e-16 -6.3697e-17 -2.4434e-11  -1.918e-11     -1.3778  1.8823e-15
2.1329e-17  1.7629e-15    -0.65135    -0.51181    -0.44655  4.0549e-15
6.0744e-16  1.2988e-16     0.13715     0.27556     -1.3631  2.2563e-15
1.8003e-17  2.1555e-15    -0.58532     -0.4905    -0.87389  4.1214e-15
6.3851e-16  3.3657e-16     0.27139     0.54507     -1.3198   1.933e-15
1.5689e-17  2.5573e-15     -0.4784    -0.45692     -1.2641  3.8888e-15
6.3911e-16  5.1083e-16     0.39994     0.80248     -1.2494  2.0099e-15
2.9636e-17  2.9194e-15    -0.33507    -0.41395     -1.6023  3.8484e-15
6.2482e-16  7.3888e-16     0.52026      1.0424     -1.1553  2.0877e-15
3.8643e-17  3.3369e-15    -0.16108    -0.36533     -1.8771  3.9187e-15
6.8106e-16  9.0275e-16     0.63018      1.2593     -1.0416  2.0977e-15
7.6207e-17  3.7463e-15    0.036939    -0.31544     -2.0828   3.529e-15
6.8489e-16  1.1125e-15     0.72808      1.4491    -0.91511  2.0628e-15
-1.3692e-17   4.077e-15     0.25205     -0.2691     -2.2191  3.9432e-15
6.6969e-16  1.2994e-15     0.81306      1.6068     -0.7835  1.8899e-15
3.3753e-17  4.6106e-15     0.47769    -0.23097     -2.2933  3.9937e-15
6.5319e-16  1.4711e-15     0.88529      1.7297    -0.66029  2.0587e-15
1.5743e-17  4.8687e-15     0.70832    -0.20554      -2.319  4.2691e-15
6.6852e-16  1.7099e-15     0.94628      1.8126    -0.55887  1.7069e-15
1.7757e-17  5.3955e-15     0.94037    -0.19588     -2.3219  4.9302e-15
6.4882e-16  1.8738e-15           1      1.8477    -0.51542  1.7984e-15
31505.7912 -4.81611364e-07
-3.64031955e-08      29374.3425
3.1506 -4.8161e-11
-3.6403e-12      2.9374
